101
0.01
17.05
13.75
13.75
13.75
13.74
13.74
13.73
13.72
13.71
13.70
13.69
13.67
13.66
13.64
13.62
12.88
12.55
12.30
10.97
10.89
10.80
10.69
10.56
9.14
9.10
9.05
9.00
8.93
8.88
8.84
8.81
8.77
8.72
8.67
8.61
8.55
8.49
8.43
8.37
8.30
8.23
8.16
8.10
8.03
7.96
7.89
7.81
7.74
7.67
7.60
7.53
7.45
7.38
7.31
7.24
7.16
7.09
7.02
6.95
6.87
6.80
6.73
6.66
6.58
6.51
6.44
6.36
6.29
6.22
6.15
6.07
6.00
5.93
5.85
5.78
5.70
5.63
5.55
5.48
5.40
5.32
5.25
5.17
5.09
5.01
4.94
4.86
4.74
4.69
4.66
4.64
4.61
4.59
4.57
4.55
4.52
4.49
4.45
4.44
4.44
